1.39113 1.39341 1.39594 1.39863 1.40137 1.40406 1.40659 1.40887 1.4108 1.41233 1.41338 1.41391 1.41391 1.41338 1.41233 1.4108 1.40887 1.40659 1.40406 1.40137 1.39863 1.39594 1.39341 1.39113 1.3892 1.38767 1.38662 1.38609 1.38609 1.38662 1.38767 1.3892 1.39113 1.39341 1.39594 1.39863 1.40137 1.40406 1.40659 1.40887 
1.39113 1.39341 1.39594 1.39863 1.40137 1.40406 1.40659 1.40887 1.4108 1.41233 1.41338 1.41391 1.41391 1.41338 1.41233 1.4108 1.40887 1.40659 1.40406 1.40137 1.39863 1.39594 1.39341 1.39113 1.3892 1.38767 1.38662 1.38609 1.38609 1.38662 1.38767 1.3892 1.39113 1.39341 1.39594 1.39863 1.40137 1.40406 1.40659 1.40887 
1.39113 1.39341 1.39594 1.39863 1.40137 1.40406 1.40659 1.40887 1.4108 1.41233 1.41338 1.41391 1.41391 1.41338 1.41233 1.4108 1.40887 1.40659 1.40406 1.40137 1.39863 1.39594 1.39341 1.39113 1.3892 1.38767 1.38662 1.38609 1.38609 1.38662 1.38767 1.3892 1.39113 1.39341 1.39594 1.39863 1.40137 1.40406 1.40659 1.40887 
1.39113 1.39341 1.39594 1.39863 1.40137 1.40406 1.40659 1.40887 1.4108 1.41233 1.41338 1.41391 1.41391 1.41338 1.41233 1.4108 1.40887 1.40659 1.40406 1.40137 1.39863 1.39594 1.39341 1.39113 1.3892 1.38767 1.38662 1.38609 1.38609 1.38662 1.38767 1.3892 1.39113 1.39341 1.39594 1.39863 1.40137 1.40406 1.40659 1.40887 
1.39113 1.39341 1.39594 1.39863 1.40137 1.40406 1.40659 1.40887 1.4108 1.41233 1.41338 1.41391 1.41391 1.41338 1.41233 1.4108 1.40887 1.40659 1.40406 1.40137 1.39863 1.39594 1.39341 1.39113 1.3892 1.38767 1.38662 1.38609 1.38609 1.38662 1.38767 1.3892 1.39113 1.39341 1.39594 1.39863 1.40137 1.40406 1.40659 1.40887 
1.39113 1.39341 1.39594 1.39863 1.40137 1.40406 1.40659 1.40887 1.4108 1.41233 1.41338 1.41391 1.41391 1.41338 1.41233 1.4108 1.40887 1.40659 1.40406 1.40137 1.39863 1.39594 1.39341 1.39113 1.3892 1.38767 1.38662 1.38609 1.38609 1.38662 1.38767 1.3892 1.39113 1.39341 1.39594 1.39863 1.40137 1.40406 1.40659 1.40887 
1.39113 1.39341 1.39594 1.39863 1.40137 1.40406 1.40659 1.40887 1.4108 1.41233 1.41338 1.41391 1.41391 1.41338 1.41233 1.4108 1.40887 1.40659 1.40406 1.40137 1.39863 1.39594 1.39341 1.39113 1.3892 1.38767 1.38662 1.38609 1.38609 1.38662 1.38767 1.3892 1.39113 1.39341 1.39594 1.39863 1.40137 1.40406 1.40659 1.40887 
1.39113 1.39341 1.39594 1.39863 1.40137 1.40406 1.40659 1.40887 1.4108 1.41233 1.41338 1.41391 1.41391 1.41338 1.41233 1.4108 1.40887 1.40659 1.40406 1.40137 1.39863 1.39594 1.39341 1.39113 1.3892 1.38767 1.38662 1.38609 1.38609 1.38662 1.38767 1.3892 1.39113 1.39341 1.39594 1.39863 1.40137 1.40406 1.40659 1.40887 
1.39113 1.39341 1.39594 1.39863 1.40137 1.40406 1.40659 1.40887 1.4108 1.41233 1.41338 1.41391 1.41391 1.41338 1.41233 1.4108 1.40887 1.40659 1.40406 1.40137 1.39863 1.39594 1.39341 1.39113 1.3892 1.38767 1.38662 1.38609 1.38609 1.38662 1.38767 1.3892 1.39113 1.39341 1.39594 1.39863 1.40137 1.40406 1.40659 1.40887 
1.39113 1.39341 1.39594 1.39863 1.40137 1.40406 1.40659 1.40887 1.4108 1.41233 1.41338 1.41391 1.41391 1.41338 1.41233 1.4108 1.40887 1.40659 1.40406 1.40137 1.39863 1.39594 1.39341 1.39113 1.3892 1.38767 1.38662 1.38609 1.38609 1.38662 1.38767 1.3892 1.39113 1.39341 1.39594 1.39863 1.40137 1.40406 1.40659 1.40887 
1.39113 1.39341 1.39594 1.39863 1.40137 1.40406 1.40659 1.40887 1.4108 1.41233 1.41338 1.41391 1.41391 1.41338 1.41233 1.4108 1.40887 1.40659 1.40406 1.40137 1.39863 1.39594 1.39341 1.39113 1.3892 1.38767 1.38662 1.38609 1.38609 1.38662 1.38767 1.3892 1.39113 1.39341 1.39594 1.39863 1.40137 1.40406 1.40659 1.40887 
1.39113 1.39341 1.39594 1.39863 1.40137 1.40406 1.40659 1.40887 1.4108 1.41233 1.41338 1.41391 1.41391 1.41338 1.41233 1.4108 1.40887 1.40659 1.40406 1.40137 1.39863 1.39594 1.39341 1.39113 1.3892 1.38767 1.38662 1.38609 1.38609 1.38662 1.38767 1.3892 1.39113 1.39341 1.39594 1.39863 1.40137 1.40406 1.40659 1.40887 
1.39113 1.39341 1.39594 1.39863 1.40137 1.40406 1.40659 1.40887 1.4108 1.41233 1.41338 1.41391 1.41391 1.41338 1.41233 1.4108 1.40887 1.40659 1.40406 1.40137 1.39863 1.39594 1.39341 1.39113 1.3892 1.38767 1.38662 1.38609 1.38609 1.38662 1.38767 1.3892 1.39113 1.39341 1.39594 1.39863 1.40137 1.40406 1.40659 1.40887 
1.39113 1.39341 1.39594 1.39863 1.40137 1.40406 1.40659 1.40887 1.4108 1.41233 1.41338 1.41391 1.41391 1.41338 1.41233 1.4108 1.40887 1.40659 1.40406 1.40137 1.39863 1.39594 1.39341 1.39113 1.3892 1.38767 1.38662 1.38609 1.38609 1.38662 1.38767 1.3892 1.39113 1.39341 1.39594 1.39863 1.40137 1.40406 1.40659 1.40887 
1.39113 1.39341 1.39594 1.39863 1.40137 1.40406 1.40659 1.40887 1.4108 1.41233 1.41338 1.41391 1.41391 1.41338 1.41233 1.4108 1.40887 1.40659 1.40406 1.40137 1.39863 1.39594 1.39341 1.39113 1.3892 1.38767 1.38662 1.38609 1.38609 1.38662 1.38767 1.3892 1.39113 1.39341 1.39594 1.39863 1.40137 1.40406 1.40659 1.40887 
1.39113 1.39341 1.39594 1.39863 1.40137 1.40406 1.40659 1.40887 1.4108 1.41233 1.41338 1.41391 1.41391 1.41338 1.41233 1.4108 1.40887 1.40659 1.40406 1.40137 1.39863 1.39594 1.39341 1.39113 1.3892 1.38767 1.38662 1.38609 1.38609 1.38662 1.38767 1.3892 1.39113 1.39341 1.39594 1.39863 1.40137 1.40406 1.40659 1.40887 
1.39113 1.39341 1.39594 1.39863 1.40137 1.40406 1.40659 1.40887 1.4108 1.41233 1.41338 1.41391 1.41391 1.41338 1.41233 1.4108 1.40887 1.40659 1.40406 1.40137 1.39863 1.39594 1.39341 1.39113 1.3892 1.38767 1.38662 1.38609 1.38609 1.38662 1.38767 1.3892 1.39113 1.39341 1.39594 1.39863 1.40137 1.40406 1.40659 1.40887 
1.39113 1.39341 1.39594 1.39863 1.40137 1.40406 1.40659 1.40887 1.4108 1.41233 1.41338 1.41391 1.41391 1.41338 1.41233 1.4108 1.40887 1.40659 1.40406 1.40137 1.39863 1.39594 1.39341 1.39113 1.3892 1.38767 1.38662 1.38609 1.38609 1.38662 1.38767 1.3892 1.39113 1.39341 1.39594 1.39863 1.40137 1.40406 1.40659 1.40887 
1.39113 1.39341 1.39594 1.39863 1.40137 1.40406 1.40659 1.40887 1.4108 1.41233 1.41338 1.41391 1.41391 1.41338 1.41233 1.4108 1.40887 1.40659 1.40406 1.40137 1.39863 1.39594 1.39341 1.39113 1.3892 1.38767 1.38662 1.38609 1.38609 1.38662 1.38767 1.3892 1.39113 1.39341 1.39594 1.39863 1.40137 1.40406 1.40659 1.40887 
1.39113 1.39341 1.39594 1.39863 1.40137 1.40406 1.40659 1.40887 1.4108 1.41233 1.41338 1.41391 1.41391 1.41338 1.41233 1.4108 1.40887 1.40659 1.40406 1.40137 1.39863 1.39594 1.39341 1.39113 1.3892 1.38767 1.38662 1.38609 1.38609 1.38662 1.38767 1.3892 1.39113 1.39341 1.39594 1.39863 1.40137 1.40406 1.40659 1.40887 
1.39113 1.39341 1.39594 1.39863 1.40137 1.40406 1.40659 1.40887 1.4108 1.41233 1.41338 1.41391 1.41391 1.41338 1.41233 1.4108 1.40887 1.40659 1.40406 1.40137 1.39863 1.39594 1.39341 1.39113 1.3892 1.38767 1.38662 1.38609 1.38609 1.38662 1.38767 1.3892 1.39113 1.39341 1.39594 1.39863 1.40137 1.40406 1.40659 1.40887 
1.39113 1.39341 1.39594 1.39863 1.40137 1.40406 1.40659 1.40887 1.4108 1.41233 1.41338 1.41391 1.41391 1.41338 1.41233 1.4108 1.40887 1.40659 1.40406 1.40137 1.39863 1.39594 1.39341 1.39113 1.3892 1.38767 1.38662 1.38609 1.38609 1.38662 1.38767 1.3892 1.39113 1.39341 1.39594 1.39863 1.40137 1.40406 1.40659 1.40887 
1.39113 1.39341 1.39594 1.39863 1.40137 1.40406 1.40659 1.40887 1.4108 1.41233 1.41338 1.41391 1.41391 1.41338 1.41233 1.4108 1.40887 1.40659 1.40406 1.40137 1.39863 1.39594 1.39341 1.39113 1.3892 1.38767 1.38662 1.38609 1.38609 1.38662 1.38767 1.3892 1.39113 1.39341 1.39594 1.39863 1.40137 1.40406 1.40659 1.40887 
1.39113 1.39341 1.39594 1.39863 1.40137 1.40406 1.40659 1.40887 1.4108 1.41233 1.41338 1.41391 1.41391 1.41338 1.41233 1.4108 1.40887 1.40659 1.40406 1.40137 1.39863 1.39594 1.39341 1.39113 1.3892 1.38767 1.38662 1.38609 1.38609 1.38662 1.38767 1.3892 1.39113 1.39341 1.39594 1.39863 1.40137 1.40406 1.40659 1.40887 
1.39113 1.39341 1.39594 1.39863 1.40137 1.40406 1.40659 1.40887 1.4108 1.41233 1.41338 1.41391 1.41391 1.41338 1.41233 1.4108 1.40887 1.40659 1.40406 1.40137 1.39863 1.39594 1.39341 1.39113 1.3892 1.38767 1.38662 1.38609 1.38609 1.38662 1.38767 1.3892 1.39113 1.39341 1.39594 1.39863 1.40137 1.40406 1.40659 1.40887 
1.39113 1.39341 1.39594 1.39863 1.40137 1.40406 1.40659 1.40887 1.4108 1.41233 1.41338 1.41391 1.41391 1.41338 1.41233 1.4108 1.40887 1.40659 1.40406 1.40137 1.39863 1.39594 1.39341 1.39113 1.3892 1.38767 1.38662 1.38609 1.38609 1.38662 1.38767 1.3892 1.39113 1.39341 1.39594 1.39863 1.40137 1.40406 1.40659 1.40887 
1.39113 1.39341 1.39594 1.39863 1.40137 1.40406 1.40659 1.40887 1.4108 1.41233 1.41338 1.41391 1.41391 1.41338 1.41233 1.4108 1.40887 1.40659 1.40406 1.40137 1.39863 1.39594 1.39341 1.39113 1.3892 1.38767 1.38662 1.38609 1.38609 1.38662 1.38767 1.3892 1.39113 1.39341 1.39594 1.39863 1.40137 1.40406 1.40659 1.40887 
1.39113 1.39341 1.39594 1.39863 1.40137 1.40406 1.40659 1.40887 1.4108 1.41233 1.41338 1.41391 1.41391 1.41338 1.41233 1.4108 1.40887 1.40659 1.40406 1.40137 1.39863 1.39594 1.39341 1.39113 1.3892 1.38767 1.38662 1.38609 1.38609 1.38662 1.38767 1.3892 1.39113 1.39341 1.39594 1.39863 1.40137 1.40406 1.40659 1.40887 
1.39113 1.39341 1.39594 1.39863 1.40137 1.40406 1.40659 1.40887 1.4108 1.41233 1.41338 1.41391 1.41391 1.41338 1.41233 1.4108 1.40887 1.40659 1.40406 1.40137 1.39863 1.39594 1.39341 1.39113 1.3892 1.38767 1.38662 1.38609 1.38609 1.38662 1.38767 1.3892 1.39113 1.39341 1.39594 1.39863 1.40137 1.40406 1.40659 1.40887 
1.39113 1.39341 1.39594 1.39863 1.40137 1.40406 1.40659 1.40887 1.4108 1.41233 1.41338 1.41391 1.41391 1.41338 1.41233 1.4108 1.40887 1.40659 1.40406 1.40137 1.39863 1.39594 1.39341 1.39113 1.3892 1.38767 1.38662 1.38609 1.38609 1.38662 1.38767 1.3892 1.39113 1.39341 1.39594 1.39863 1.40137 1.40406 1.40659 1.40887 
1.39113 1.39341 1.39594 1.39863 1.40137 1.40406 1.40659 1.40887 1.4108 1.41233 1.41338 1.41391 1.41391 1.41338 1.41233 1.4108 1.40887 1.40659 1.40406 1.40137 1.39863 1.39594 1.39341 1.39113 1.3892 1.38767 1.38662 1.38609 1.38609 1.38662 1.38767 1.3892 1.39113 1.39341 1.39594 1.39863 1.40137 1.40406 1.40659 1.40887 
1.39113 1.39341 1.39594 1.39863 1.40137 1.40406 1.40659 1.40887 1.4108 1.41233 1.41338 1.41391 1.41391 1.41338 1.41233 1.4108 1.40887 1.40659 1.40406 1.40137 1.39863 1.39594 1.39341 1.39113 1.3892 1.38767 1.38662 1.38609 1.38609 1.38662 1.38767 1.3892 1.39113 1.39341 1.39594 1.39863 1.40137 1.40406 1.40659 1.40887 
1.39113 1.39341 1.39594 1.39863 1.40137 1.40406 1.40659 1.40887 1.4108 1.41233 1.41338 1.41391 1.41391 1.41338 1.41233 1.4108 1.40887 1.40659 1.40406 1.40137 1.39863 1.39594 1.39341 1.39113 1.3892 1.38767 1.38662 1.38609 1.38609 1.38662 1.38767 1.3892 1.39113 1.39341 1.39594 1.39863 1.40137 1.40406 1.40659 1.40887 
1.39113 1.39341 1.39594 1.39863 1.40137 1.40406 1.40659 1.40887 1.4108 1.41233 1.41338 1.41391 1.41391 1.41338 1.41233 1.4108 1.40887 1.40659 1.40406 1.40137 1.39863 1.39594 1.39341 1.39113 1.3892 1.38767 1.38662 1.38609 1.38609 1.38662 1.38767 1.3892 1.39113 1.39341 1.39594 1.39863 1.40137 1.40406 1.40659 1.40887 
1.39113 1.39341 1.39594 1.39863 1.40137 1.40406 1.40659 1.40887 1.4108 1.41233 1.41338 1.41391 1.41391 1.41338 1.41233 1.4108 1.40887 1.40659 1.40406 1.40137 1.39863 1.39594 1.39341 1.39113 1.3892 1.38767 1.38662 1.38609 1.38609 1.38662 1.38767 1.3892 1.39113 1.39341 1.39594 1.39863 1.40137 1.40406 1.40659 1.40887 
1.39113 1.39341 1.39594 1.39863 1.40137 1.40406 1.40659 1.40887 1.4108 1.41233 1.41338 1.41391 1.41391 1.41338 1.41233 1.4108 1.40887 1.40659 1.40406 1.40137 1.39863 1.39594 1.39341 1.39113 1.3892 1.38767 1.38662 1.38609 1.38609 1.38662 1.38767 1.3892 1.39113 1.39341 1.39594 1.39863 1.40137 1.40406 1.40659 1.40887 
1.39113 1.39341 1.39594 1.39863 1.40137 1.40406 1.40659 1.40887 1.4108 1.41233 1.41338 1.41391 1.41391 1.41338 1.41233 1.4108 1.40887 1.40659 1.40406 1.40137 1.39863 1.39594 1.39341 1.39113 1.3892 1.38767 1.38662 1.38609 1.38609 1.38662 1.38767 1.3892 1.39113 1.39341 1.39594 1.39863 1.40137 1.40406 1.40659 1.40887 
1.39113 1.39341 1.39594 1.39863 1.40137 1.40406 1.40659 1.40887 1.4108 1.41233 1.41338 1.41391 1.41391 1.41338 1.41233 1.4108 1.40887 1.40659 1.40406 1.40137 1.39863 1.39594 1.39341 1.39113 1.3892 1.38767 1.38662 1.38609 1.38609 1.38662 1.38767 1.3892 1.39113 1.39341 1.39594 1.39863 1.40137 1.40406 1.40659 1.40887 
1.39113 1.39341 1.39594 1.39863 1.40137 1.40406 1.40659 1.40887 1.4108 1.41233 1.41338 1.41391 1.41391 1.41338 1.41233 1.4108 1.40887 1.40659 1.40406 1.40137 1.39863 1.39594 1.39341 1.39113 1.3892 1.38767 1.38662 1.38609 1.38609 1.38662 1.38767 1.3892 1.39113 1.39341 1.39594 1.39863 1.40137 1.40406 1.40659 1.40887 
1.39113 1.39341 1.39594 1.39863 1.40137 1.40406 1.40659 1.40887 1.4108 1.41233 1.41338 1.41391 1.41391 1.41338 1.41233 1.4108 1.40887 1.40659 1.40406 1.40137 1.39863 1.39594 1.39341 1.39113 1.3892 1.38767 1.38662 1.38609 1.38609 1.38662 1.38767 1.3892 1.39113 1.39341 1.39594 1.39863 1.40137 1.40406 1.40659 1.40887 
-0.00883337 -0.00657015 -0.00405017 -0.00136897 0.00137111 0.00406477 0.00660778 0.00890109 0.0108549 0.0123922 0.0134522 0.013993 0.013993 0.0134522 0.0123922 0.0108549 0.00890109 0.00660778 0.00406477 0.00137111 -0.00136897 -0.00405017 -0.00657015 -0.00883337 -0.0107546 -0.0122618 -0.0132988 -0.0138271 -0.0138271 -0.0132988 -0.0122618 -0.0107546 -0.00883337 -0.00657015 -0.00405017 -0.00136897 0.00137111 0.00406477 0.00660778 0.00890109 
-0.00883337 -0.00657015 -0.00405017 -0.00136897 0.00137111 0.00406477 0.00660778 0.00890109 0.0108549 0.0123922 0.0134522 0.013993 0.013993 0.0134522 0.0123922 0.0108549 0.00890109 0.00660778 0.00406477 0.00137111 -0.00136897 -0.00405017 -0.00657015 -0.00883337 -0.0107546 -0.0122618 -0.0132988 -0.0138271 -0.0138271 -0.0132988 -0.0122618 -0.0107546 -0.00883337 -0.00657015 -0.00405017 -0.00136897 0.00137111 0.00406477 0.00660778 0.00890109 
-0.00883337 -0.00657015 -0.00405017 -0.00136897 0.00137111 0.00406477 0.00660778 0.00890109 0.0108549 0.0123922 0.0134522 0.013993 0.013993 0.0134522 0.0123922 0.0108549 0.00890109 0.00660778 0.00406477 0.00137111 -0.00136897 -0.00405017 -0.00657015 -0.00883337 -0.0107546 -0.0122618 -0.0132988 -0.0138271 -0.0138271 -0.0132988 -0.0122618 -0.0107546 -0.00883337 -0.00657015 -0.00405017 -0.00136897 0.00137111 0.00406477 0.00660778 0.00890109 
-0.00883337 -0.00657015 -0.00405017 -0.00136897 0.00137111 0.00406477 0.00660778 0.00890109 0.0108549 0.0123922 0.0134522 0.013993 0.013993 0.0134522 0.0123922 0.0108549 0.00890109 0.00660778 0.00406477 0.00137111 -0.00136897 -0.00405017 -0.00657015 -0.00883337 -0.0107546 -0.0122618 -0.0132988 -0.0138271 -0.0138271 -0.0132988 -0.0122618 -0.0107546 -0.00883337 -0.00657015 -0.00405017 -0.00136897 0.00137111 0.00406477 0.00660778 0.00890109 
-0.00883337 -0.00657015 -0.00405017 -0.00136897 0.00137111 0.00406477 0.00660778 0.00890109 0.0108549 0.0123922 0.0134522 0.013993 0.013993 0.0134522 0.0123922 0.0108549 0.00890109 0.00660778 0.00406477 0.00137111 -0.00136897 -0.00405017 -0.00657015 -0.00883337 -0.0107546 -0.0122618 -0.0132988 -0.0138271 -0.0138271 -0.0132988 -0.0122618 -0.0107546 -0.00883337 -0.00657015 -0.00405017 -0.00136897 0.00137111 0.00406477 0.00660778 0.00890109 
-0.00883337 -0.00657015 -0.00405017 -0.00136897 0.00137111 0.00406477 0.00660778 0.00890109 0.0108549 0.0123922 0.0134522 0.013993 0.013993 0.0134522 0.0123922 0.0108549 0.00890109 0.00660778 0.00406477 0.00137111 -0.00136897 -0.00405017 -0.00657015 -0.00883337 -0.0107546 -0.0122618 -0.0132988 -0.0138271 -0.0138271 -0.0132988 -0.0122618 -0.0107546 -0.00883337 -0.00657015 -0.00405017 -0.00136897 0.00137111 0.00406477 0.00660778 0.00890109 
-0.00883337 -0.00657015 -0.00405017 -0.00136897 0.00137111 0.00406477 0.00660778 0.00890109 0.0108549 0.0123922 0.0134522 0.013993 0.013993 0.0134522 0.0123922 0.0108549 0.00890109 0.00660778 0.00406477 0.00137111 -0.00136897 -0.00405017 -0.00657015 -0.00883337 -0.0107546 -0.0122618 -0.0132988 -0.0138271 -0.0138271 -0.0132988 -0.0122618 -0.0107546 -0.00883337 -0.00657015 -0.00405017 -0.00136897 0.00137111 0.00406477 0.00660778 0.00890109 
-0.00883337 -0.00657015 -0.00405017 -0.00136897 0.00137111 0.00406477 0.00660778 0.00890109 0.0108549 0.0123922 0.0134522 0.013993 0.013993 0.0134522 0.0123922 0.0108549 0.00890109 0.00660778 0.00406477 0.00137111 -0.00136897 -0.00405017 -0.00657015 -0.00883337 -0.0107546 -0.0122618 -0.0132988 -0.0138271 -0.0138271 -0.0132988 -0.0122618 -0.0107546 -0.00883337 -0.00657015 -0.00405017 -0.00136897 0.00137111 0.00406477 0.00660778 0.00890109 
-0.00883337 -0.00657015 -0.00405017 -0.00136897 0.00137111 0.00406477 0.00660778 0.00890109 0.0108549 0.0123922 0.0134522 0.013993 0.013993 0.0134522 0.0123922 0.0108549 0.00890109 0.00660778 0.00406477 0.00137111 -0.00136897 -0.00405017 -0.00657015 -0.00883337 -0.0107546 -0.0122618 -0.0132988 -0.0138271 -0.0138271 -0.0132988 -0.0122618 -0.0107546 -0.00883337 -0.00657015 -0.00405017 -0.00136897 0.00137111 0.00406477 0.00660778 0.00890109 
-0.00883337 -0.00657015 -0.00405017 -0.00136897 0.00137111 0.00406477 0.00660778 0.00890109 0.0108549 0.0123922 0.0134522 0.013993 0.013993 0.0134522 0.0123922 0.0108549 0.00890109 0.00660778 0.00406477 0.00137111 -0.00136897 -0.00405017 -0.00657015 -0.00883337 -0.0107546 -0.0122618 -0.0132988 -0.0138271 -0.0138271 -0.0132988 -0.0122618 -0.0107546 -0.00883337 -0.00657015 -0.00405017 -0.00136897 0.00137111 0.00406477 0.00660778 0.00890109 
-0.00883337 -0.00657015 -0.00405017 -0.00136897 0.00137111 0.00406477 0.00660778 0.00890109 0.0108549 0.0123922 0.0134522 0.013993 0.013993 0.0134522 0.0123922 0.0108549 0.00890109 0.00660778 0.00406477 0.00137111 -0.00136897 -0.00405017 -0.00657015 -0.00883337 -0.0107546 -0.0122618 -0.0132988 -0.0138271 -0.0138271 -0.0132988 -0.0122618 -0.0107546 -0.00883337 -0.00657015 -0.00405017 -0.00136897 0.00137111 0.00406477 0.00660778 0.00890109 
-0.00883337 -0.00657015 -0.00405017 -0.00136897 0.00137111 0.00406477 0.00660778 0.00890109 0.0108549 0.0123922 0.0134522 0.013993 0.013993 0.0134522 0.0123922 0.0108549 0.00890109 0.00660778 0.00406477 0.00137111 -0.00136897 -0.00405017 -0.00657015 -0.00883337 -0.0107546 -0.0122618 -0.0132988 -0.0138271 -0.0138271 -0.0132988 -0.0122618 -0.0107546 -0.00883337 -0.00657015 -0.00405017 -0.00136897 0.00137111 0.00406477 0.00660778 0.00890109 
-0.00883337 -0.00657015 -0.00405017 -0.00136897 0.00137111 0.00406477 0.00660778 0.00890109 0.0108549 0.0123922 0.0134522 0.013993 0.013993 0.0134522 0.0123922 0.0108549 0.00890109 0.00660778 0.00406477 0.00137111 -0.00136897 -0.00405017 -0.00657015 -0.00883337 -0.0107546 -0.0122618 -0.0132988 -0.0138271 -0.0138271 -0.0132988 -0.0122618 -0.0107546 -0.00883337 -0.00657015 -0.00405017 -0.00136897 0.00137111 0.00406477 0.00660778 0.00890109 
-0.00883337 -0.00657015 -0.00405017 -0.00136897 0.00137111 0.00406477 0.00660778 0.00890109 0.0108549 0.0123922 0.0134522 0.013993 0.013993 0.0134522 0.0123922 0.0108549 0.00890109 0.00660778 0.00406477 0.00137111 -0.00136897 -0.00405017 -0.00657015 -0.00883337 -0.0107546 -0.0122618 -0.0132988 -0.0138271 -0.0138271 -0.0132988 -0.0122618 -0.0107546 -0.00883337 -0.00657015 -0.00405017 -0.00136897 0.00137111 0.00406477 0.00660778 0.00890109 
-0.00883337 -0.00657015 -0.00405017 -0.00136897 0.00137111 0.00406477 0.00660778 0.00890109 0.0108549 0.0123922 0.0134522 0.013993 0.013993 0.0134522 0.0123922 0.0108549 0.00890109 0.00660778 0.00406477 0.00137111 -0.00136897 -0.00405017 -0.00657015 -0.00883337 -0.0107546 -0.0122618 -0.0132988 -0.0138271 -0.0138271 -0.0132988 -0.0122618 -0.0107546 -0.00883337 -0.00657015 -0.00405017 -0.00136897 0.00137111 0.00406477 0.00660778 0.00890109 
-0.00883337 -0.00657015 -0.00405017 -0.00136897 0.00137111 0.00406477 0.00660778 0.00890109 0.0108549 0.0123922 0.0134522 0.013993 0.013993 0.0134522 0.0123922 0.0108549 0.00890109 0.00660778 0.00406477 0.00137111 -0.00136897 -0.00405017 -0.00657015 -0.00883337 -0.0107546 -0.0122618 -0.0132988 -0.0138271 -0.0138271 -0.0132988 -0.0122618 -0.0107546 -0.00883337 -0.00657015 -0.00405017 -0.00136897 0.00137111 0.00406477 0.00660778 0.00890109 
-0.00883337 -0.00657015 -0.00405017 -0.00136897 0.00137111 0.00406477 0.00660778 0.00890109 0.0108549 0.0123922 0.0134522 0.013993 0.013993 0.0134522 0.0123922 0.0108549 0.00890109 0.00660778 0.00406477 0.00137111 -0.00136897 -0.00405017 -0.00657015 -0.00883337 -0.0107546 -0.0122618 -0.0132988 -0.0138271 -0.0138271 -0.0132988 -0.0122618 -0.0107546 -0.00883337 -0.00657015 -0.00405017 -0.00136897 0.00137111 0.00406477 0.00660778 0.00890109 
-0.00883337 -0.00657015 -0.00405017 -0.00136897 0.00137111 0.00406477 0.00660778 0.00890109 0.0108549 0.0123922 0.0134522 0.013993 0.013993 0.0134522 0.0123922 0.0108549 0.00890109 0.00660778 0.00406477 0.00137111 -0.00136897 -0.00405017 -0.00657015 -0.00883337 -0.0107546 -0.0122618 -0.0132988 -0.0138271 -0.0138271 -0.0132988 -0.0122618 -0.0107546 -0.00883337 -0.00657015 -0.00405017 -0.00136897 0.00137111 0.00406477 0.00660778 0.00890109 
-0.00883337 -0.00657015 -0.00405017 -0.00136897 0.00137111 0.00406477 0.00660778 0.00890109 0.0108549 0.0123922 0.0134522 0.013993 0.013993 0.0134522 0.0123922 0.0108549 0.00890109 0.00660778 0.00406477 0.00137111 -0.00136897 -0.00405017 -0.00657015 -0.00883337 -0.0107546 -0.0122618 -0.0132988 -0.0138271 -0.0138271 -0.0132988 -0.0122618 -0.0107546 -0.00883337 -0.00657015 -0.00405017 -0.00136897 0.00137111 0.00406477 0.00660778 0.00890109 
-0.00883337 -0.00657015 -0.00405017 -0.00136897 0.00137111 0.00406477 0.00660778 0.00890109 0.0108549 0.0123922 0.0134522 0.013993 0.013993 0.0134522 0.0123922 0.0108549 0.00890109 0.00660778 0.00406477 0.00137111 -0.00136897 -0.00405017 -0.00657015 -0.00883337 -0.0107546 -0.0122618 -0.0132988 -0.0138271 -0.0138271 -0.0132988 -0.0122618 -0.0107546 -0.00883337 -0.00657015 -0.00405017 -0.00136897 0.00137111 0.00406477 0.00660778 0.00890109 
-0.00883337 -0.00657015 -0.00405017 -0.00136897 0.00137111 0.00406477 0.00660778 0.00890109 0.0108549 0.0123922 0.0134522 0.013993 0.013993 0.0134522 0.0123922 0.0108549 0.00890109 0.00660778 0.00406477 0.00137111 -0.00136897 -0.00405017 -0.00657015 -0.00883337 -0.0107546 -0.0122618 -0.0132988 -0.0138271 -0.0138271 -0.0132988 -0.0122618 -0.0107546 -0.00883337 -0.00657015 -0.00405017 -0.00136897 0.00137111 0.00406477 0.00660778 0.00890109 
-0.00883337 -0.00657015 -0.00405017 -0.00136897 0.00137111 0.00406477 0.00660778 0.00890109 0.0108549 0.0123922 0.0134522 0.013993 0.013993 0.0134522 0.0123922 0.0108549 0.00890109 0.00660778 0.00406477 0.00137111 -0.00136897 -0.00405017 -0.00657015 -0.00883337 -0.0107546 -0.0122618 -0.0132988 -0.0138271 -0.0138271 -0.0132988 -0.0122618 -0.0107546 -0.00883337 -0.00657015 -0.00405017 -0.00136897 0.00137111 0.00406477 0.00660778 0.00890109 
-0.00883337 -0.00657015 -0.00405017 -0.00136897 0.00137111 0.00406477 0.00660778 0.00890109 0.0108549 0.0123922 0.0134522 0.013993 0.013993 0.0134522 0.0123922 0.0108549 0.00890109 0.00660778 0.00406477 0.00137111 -0.00136897 -0.00405017 -0.00657015 -0.00883337 -0.0107546 -0.0122618 -0.0132988 -0.0138271 -0.0138271 -0.0132988 -0.0122618 -0.0107546 -0.00883337 -0.00657015 -0.00405017 -0.00136897 0.00137111 0.00406477 0.00660778 0.00890109 
-0.00883337 -0.00657015 -0.00405017 -0.00136897 0.00137111 0.00406477 0.00660778 0.00890109 0.0108549 0.0123922 0.0134522 0.013993 0.013993 0.0134522 0.0123922 0.0108549 0.00890109 0.00660778 0.00406477 0.00137111 -0.00136897 -0.00405017 -0.00657015 -0.00883337 -0.0107546 -0.0122618 -0.0132988 -0.0138271 -0.0138271 -0.0132988 -0.0122618 -0.0107546 -0.00883337 -0.00657015 -0.00405017 -0.00136897 0.00137111 0.00406477 0.00660778 0.00890109 
-0.00883337 -0.00657015 -0.00405017 -0.00136897 0.00137111 0.00406477 0.00660778 0.00890109 0.0108549 0.0123922 0.0134522 0.013993 0.013993 0.0134522 0.0123922 0.0108549 0.00890109 0.00660778 0.00406477 0.00137111 -0.00136897 -0.00405017 -0.00657015 -0.00883337 -0.0107546 -0.0122618 -0.0132988 -0.0138271 -0.0138271 -0.0132988 -0.0122618 -0.0107546 -0.00883337 -0.00657015 -0.00405017 -0.00136897 0.00137111 0.00406477 0.00660778 0.00890109 
-0.00883337 -0.00657015 -0.00405017 -0.00136897 0.00137111 0.00406477 0.00660778 0.00890109 0.0108549 0.0123922 0.0134522 0.013993 0.013993 0.0134522 0.0123922 0.0108549 0.00890109 0.00660778 0.00406477 0.00137111 -0.00136897 -0.00405017 -0.00657015 -0.00883337 -0.0107546 -0.0122618 -0.0132988 -0.0138271 -0.0138271 -0.0132988 -0.0122618 -0.0107546 -0.00883337 -0.00657015 -0.00405017 -0.00136897 0.00137111 0.00406477 0.00660778 0.00890109 
-0.00883337 -0.00657015 -0.00405017 -0.00136897 0.00137111 0.00406477 0.00660778 0.00890109 0.0108549 0.0123922 0.0134522 0.013993 0.013993 0.0134522 0.0123922 0.0108549 0.00890109 0.00660778 0.00406477 0.00137111 -0.00136897 -0.00405017 -0.00657015 -0.00883337 -0.0107546 -0.0122618 -0.0132988 -0.0138271 -0.0138271 -0.0132988 -0.0122618 -0.0107546 -0.00883337 -0.00657015 -0.00405017 -0.00136897 0.00137111 0.00406477 0.00660778 0.00890109 
-0.00883337 -0.00657015 -0.00405017 -0.00136897 0.00137111 0.00406477 0.00660778 0.00890109 0.0108549 0.0123922 0.0134522 0.013993 0.013993 0.0134522 0.0123922 0.0108549 0.00890109 0.00660778 0.00406477 0.00137111 -0.00136897 -0.00405017 -0.00657015 -0.00883337 -0.0107546 -0.0122618 -0.0132988 -0.0138271 -0.0138271 -0.0132988 -0.0122618 -0.0107546 -0.00883337 -0.00657015 -0.00405017 -0.00136897 0.00137111 0.00406477 0.00660778 0.00890109 
-0.00883337 -0.00657015 -0.00405017 -0.00136897 0.00137111 0.00406477 0.00660778 0.00890109 0.0108549 0.0123922 0.0134522 0.013993 0.013993 0.0134522 0.0123922 0.0108549 0.00890109 0.00660778 0.00406477 0.00137111 -0.00136897 -0.00405017 -0.00657015 -0.00883337 -0.0107546 -0.0122618 -0.0132988 -0.0138271 -0.0138271 -0.0132988 -0.0122618 -0.0107546 -0.00883337 -0.00657015 -0.00405017 -0.00136897 0.00137111 0.00406477 0.00660778 0.00890109 
-0.00883337 -0.00657015 -0.00405017 -0.00136897 0.00137111 0.00406477 0.00660778 0.00890109 0.0108549 0.0123922 0.0134522 0.013993 0.013993 0.0134522 0.0123922 0.0108549 0.00890109 0.00660778 0.00406477 0.00137111 -0.00136897 -0.00405017 -0.00657015 -0.00883337 -0.0107546 -0.0122618 -0.0132988 -0.0138271 -0.0138271 -0.0132988 -0.0122618 -0.0107546 -0.00883337 -0.00657015 -0.00405017 -0.00136897 0.00137111 0.00406477 0.00660778 0.00890109 
-0.00883337 -0.00657015 -0.00405017 -0.00136897 0.00137111 0.00406477 0.00660778 0.00890109 0.0108549 0.0123922 0.0134522 0.013993 0.013993 0.0134522 0.0123922 0.0108549 0.00890109 0.00660778 0.00406477 0.00137111 -0.00136897 -0.00405017 -0.00657015 -0.00883337 -0.0107546 -0.0122618 -0.0132988 -0.0138271 -0.0138271 -0.0132988 -0.0122618 -0.0107546 -0.00883337 -0.00657015 -0.00405017 -0.00136897 0.00137111 0.00406477 0.00660778 0.00890109 
-0.00883337 -0.00657015 -0.00405017 -0.00136897 0.00137111 0.00406477 0.00660778 0.00890109 0.0108549 0.0123922 0.0134522 0.013993 0.013993 0.0134522 0.0123922 0.0108549 0.00890109 0.00660778 0.00406477 0.00137111 -0.00136897 -0.00405017 -0.00657015 -0.00883337 -0.0107546 -0.0122618 -0.0132988 -0.0138271 -0.0138271 -0.0132988 -0.0122618 -0.0107546 -0.00883337 -0.00657015 -0.00405017 -0.00136897 0.00137111 0.00406477 0.00660778 0.00890109 
-0.00883337 -0.00657015 -0.00405017 -0.00136897 0.00137111 0.00406477 0.00660778 0.00890109 0.0108549 0.0123922 0.0134522 0.013993 0.013993 0.0134522 0.0123922 0.0108549 0.00890109 0.00660778 0.00406477 0.00137111 -0.00136897 -0.00405017 -0.00657015 -0.00883337 -0.0107546 -0.0122618 -0.0132988 -0.0138271 -0.0138271 -0.0132988 -0.0122618 -0.0107546 -0.00883337 -0.00657015 -0.00405017 -0.00136897 0.00137111 0.00406477 0.00660778 0.00890109 
-0.00883337 -0.00657015 -0.00405017 -0.00136897 0.00137111 0.00406477 0.00660778 0.00890109 0.0108549 0.0123922 0.0134522 0.013993 0.013993 0.0134522 0.0123922 0.0108549 0.00890109 0.00660778 0.00406477 0.00137111 -0.00136897 -0.00405017 -0.00657015 -0.00883337 -0.0107546 -0.0122618 -0.0132988 -0.0138271 -0.0138271 -0.0132988 -0.0122618 -0.0107546 -0.00883337 -0.00657015 -0.00405017 -0.00136897 0.00137111 0.00406477 0.00660778 0.00890109 
-0.00883337 -0.00657015 -0.00405017 -0.00136897 0.00137111 0.00406477 0.00660778 0.00890109 0.0108549 0.0123922 0.0134522 0.013993 0.013993 0.0134522 0.0123922 0.0108549 0.00890109 0.00660778 0.00406477 0.00137111 -0.00136897 -0.00405017 -0.00657015 -0.00883337 -0.0107546 -0.0122618 -0.0132988 -0.0138271 -0.0138271 -0.0132988 -0.0122618 -0.0107546 -0.00883337 -0.00657015 -0.00405017 -0.00136897 0.00137111 0.00406477 0.00660778 0.00890109 
-0.00883337 -0.00657015 -0.00405017 -0.00136897 0.00137111 0.00406477 0.00660778 0.00890109 0.0108549 0.0123922 0.0134522 0.013993 0.013993 0.0134522 0.0123922 0.0108549 0.00890109 0.00660778 0.00406477 0.00137111 -0.00136897 -0.00405017 -0.00657015 -0.00883337 -0.0107546 -0.0122618 -0.0132988 -0.0138271 -0.0138271 -0.0132988 -0.0122618 -0.0107546 -0.00883337 -0.00657015 -0.00405017 -0.00136897 0.00137111 0.00406477 0.00660778 0.00890109 
-0.00883337 -0.00657015 -0.00405017 -0.00136897 0.00137111 0.00406477 0.00660778 0.00890109 0.0108549 0.0123922 0.0134522 0.013993 0.013993 0.0134522 0.0123922 0.0108549 0.00890109 0.00660778 0.00406477 0.00137111 -0.00136897 -0.00405017 -0.00657015 -0.00883337 -0.0107546 -0.0122618 -0.0132988 -0.0138271 -0.0138271 -0.0132988 -0.0122618 -0.0107546 -0.00883337 -0.00657015 -0.00405017 -0.00136897 0.00137111 0.00406477 0.00660778 0.00890109 
-0.00883337 -0.00657015 -0.00405017 -0.00136897 0.00137111 0.00406477 0.00660778 0.00890109 0.0108549 0.0123922 0.0134522 0.013993 0.013993 0.0134522 0.0123922 0.0108549 0.00890109 0.00660778 0.00406477 0.00137111 -0.00136897 -0.00405017 -0.00657015 -0.00883337 -0.0107546 -0.0122618 -0.0132988 -0.0138271 -0.0138271 -0.0132988 -0.0122618 -0.0107546 -0.00883337 -0.00657015 -0.00405017 -0.00136897 0.00137111 0.00406477 0.00660778 0.00890109 
-0.00883337 -0.00657015 -0.00405017 -0.00136897 0.00137111 0.00406477 0.00660778 0.00890109 0.0108549 0.0123922 0.0134522 0.013993 0.013993 0.0134522 0.0123922 0.0108549 0.00890109 0.00660778 0.00406477 0.00137111 -0.00136897 -0.00405017 -0.00657015 -0.00883337 -0.0107546 -0.0122618 -0.0132988 -0.0138271 -0.0138271 -0.0132988 -0.0122618 -0.0107546 -0.00883337 -0.00657015 -0.00405017 -0.00136897 0.00137111 0.00406477 0.00660778 0.00890109 
-0.00883337 -0.00657015 -0.00405017 -0.00136897 0.00137111 0.00406477 0.00660778 0.00890109 0.0108549 0.0123922 0.0134522 0.013993 0.013993 0.0134522 0.0123922 0.0108549 0.00890109 0.00660778 0.00406477 0.00137111 -0.00136897 -0.00405017 -0.00657015 -0.00883337 -0.0107546 -0.0122618 -0.0132988 -0.0138271 -0.0138271 -0.0132988 -0.0122618 -0.0107546 -0.00883337 -0.00657015 -0.00405017 -0.00136897 0.00137111 0.00406477 0.00660778 0.00890109 
0 0 0 0 0 0 0 0 0 0 0 0 0 0 0 0 0 0 0 0 0 0 0 0 0 0 0 0 0 0 0 0 0 0 0 0 0 0 0 0 
0 0 0 0 0 0 0 0 0 0 0 0 0 0 0 0 0 0 0 0 0 0 0 0 0 0 0 0 0 0 0 0 0 0 0 0 0 0 0 0 
0 0 0 0 0 0 0 0 0 0 0 0 0 0 0 0 0 0 0 0 0 0 0 0 0 0 0 0 0 0 0 0 0 0 0 0 0 0 0 0 
0 0 0 0 0 0 0 0 0 0 0 0 0 0 0 0 0 0 0 0 0 0 0 0 0 0 0 0 0 0 0 0 0 0 0 0 0 0 0 0 
0 0 0 0 0 0 0 0 0 0 0 0 0 0 0 0 0 0 0 0 0 0 0 0 0 0 0 0 0 0 0 0 0 0 0 0 0 0 0 0 
0 0 0 0 0 0 0 0 0 0 0 0 0 0 0 0 0 0 0 0 0 0 0 0 0 0 0 0 0 0 0 0 0 0 0 0 0 0 0 0 
0 0 0 0 0 0 0 0 0 0 0 0 0 0 0 0 0 0 0 0 0 0 0 0 0 0 0 0 0 0 0 0 0 0 0 0 0 0 0 0 
0 0 0 0 0 0 0 0 0 0 0 0 0 0 0 0 0 0 0 0 0 0 0 0 0 0 0 0 0 0 0 0 0 0 0 0 0 0 0 0 
0 0 0 0 0 0 0 0 0 0 0 0 0 0 0 0 0 0 0 0 0 0 0 0 0 0 0 0 0 0 0 0 0 0 0 0 0 0 0 0 
0 0 0 0 0 0 0 0 0 0 0 0 0 0 0 0 0 0 0 0 0 0 0 0 0 0 0 0 0 0 0 0 0 0 0 0 0 0 0 0 
0 0 0 0 0 0 0 0 0 0 0 0 0 0 0 0 0 0 0 0 0 0 0 0 0 0 0 0 0 0 0 0 0 0 0 0 0 0 0 0 
0 0 0 0 0 0 0 0 0 0 0 0 0 0 0 0 0 0 0 0 0 0 0 0 0 0 0 0 0 0 0 0 0 0 0 0 0 0 0 0 
0 0 0 0 0 0 0 0 0 0 0 0 0 0 0 0 0 0 0 0 0 0 0 0 0 0 0 0 0 0 0 0 0 0 0 0 0 0 0 0 
0 0 0 0 0 0 0 0 0 0 0 0 0 0 0 0 0 0 0 0 0 0 0 0 0 0 0 0 0 0 0 0 0 0 0 0 0 0 0 0 
0 0 0 0 0 0 0 0 0 0 0 0 0 0 0 0 0 0 0 0 0 0 0 0 0 0 0 0 0 0 0 0 0 0 0 0 0 0 0 0 
0 0 0 0 0 0 0 0 0 0 0 0 0 0 0 0 0 0 0 0 0 0 0 0 0 0 0 0 0 0 0 0 0 0 0 0 0 0 0 0 
0 0 0 0 0 0 0 0 0 0 0 0 0 0 0 0 0 0 0 0 0 0 0 0 0 0 0 0 0 0 0 0 0 0 0 0 0 0 0 0 
0 0 0 0 0 0 0 0 0 0 0 0 0 0 0 0 0 0 0 0 0 0 0 0 0 0 0 0 0 0 0 0 0 0 0 0 0 0 0 0 
0 0 0 0 0 0 0 0 0 0 0 0 0 0 0 0 0 0 0 0 0 0 0 0 0 0 0 0 0 0 0 0 0 0 0 0 0 0 0 0 
0 0 0 0 0 0 0 0 0 0 0 0 0 0 0 0 0 0 0 0 0 0 0 0 0 0 0 0 0 0 0 0 0 0 0 0 0 0 0 0 
0 0 0 0 0 0 0 0 0 0 0 0 0 0 0 0 0 0 0 0 0 0 0 0 0 0 0 0 0 0 0 0 0 0 0 0 0 0 0 0 
0 0 0 0 0 0 0 0 0 0 0 0 0 0 0 0 0 0 0 0 0 0 0 0 0 0 0 0 0 0 0 0 0 0 0 0 0 0 0 0 
0 0 0 0 0 0 0 0 0 0 0 0 0 0 0 0 0 0 0 0 0 0 0 0 0 0 0 0 0 0 0 0 0 0 0 0 0 0 0 0 
0 0 0 0 0 0 0 0 0 0 0 0 0 0 0 0 0 0 0 0 0 0 0 0 0 0 0 0 0 0 0 0 0 0 0 0 0 0 0 0 
0 0 0 0 0 0 0 0 0 0 0 0 0 0 0 0 0 0 0 0 0 0 0 0 0 0 0 0 0 0 0 0 0 0 0 0 0 0 0 0 
0 0 0 0 0 0 0 0 0 0 0 0 0 0 0 0 0 0 0 0 0 0 0 0 0 0 0 0 0 0 0 0 0 0 0 0 0 0 0 0 
0 0 0 0 0 0 0 0 0 0 0 0 0 0 0 0 0 0 0 0 0 0 0 0 0 0 0 0 0 0 0 0 0 0 0 0 0 0 0 0 
0 0 0 0 0 0 0 0 0 0 0 0 0 0 0 0 0 0 0 0 0 0 0 0 0 0 0 0 0 0 0 0 0 0 0 0 0 0 0 0 
0 0 0 0 0 0 0 0 0 0 0 0 0 0 0 0 0 0 0 0 0 0 0 0 0 0 0 0 0 0 0 0 0 0 0 0 0 0 0 0 
0 0 0 0 0 0 0 0 0 0 0 0 0 0 0 0 0 0 0 0 0 0 0 0 0 0 0 0 0 0 0 0 0 0 0 0 0 0 0 0 
0 0 0 0 0 0 0 0 0 0 0 0 0 0 0 0 0 0 0 0 0 0 0 0 0 0 0 0 0 0 0 0 0 0 0 0 0 0 0 0 
0 0 0 0 0 0 0 0 0 0 0 0 0 0 0 0 0 0 0 0 0 0 0 0 0 0 0 0 0 0 0 0 0 0 0 0 0 0 0 0 
0 0 0 0 0 0 0 0 0 0 0 0 0 0 0 0 0 0 0 0 0 0 0 0 0 0 0 0 0 0 0 0 0 0 0 0 0 0 0 0 
0 0 0 0 0 0 0 0 0 0 0 0 0 0 0 0 0 0 0 0 0 0 0 0 0 0 0 0 0 0 0 0 0 0 0 0 0 0 0 0 
0 0 0 0 0 0 0 0 0 0 0 0 0 0 0 0 0 0 0 0 0 0 0 0 0 0 0 0 0 0 0 0 0 0 0 0 0 0 0 0 
0 0 0 0 0 0 0 0 0 0 0 0 0 0 0 0 0 0 0 0 0 0 0 0 0 0 0 0 0 0 0 0 0 0 0 0 0 0 0 0 
0 0 0 0 0 0 0 0 0 0 0 0 0 0 0 0 0 0 0 0 0 0 0 0 0 0 0 0 0 0 0 0 0 0 0 0 0 0 0 0 
0 0 0 0 0 0 0 0 0 0 0 0 0 0 0 0 0 0 0 0 0 0 0 0 0 0 0 0 0 0 0 0 0 0 0 0 0 0 0 0 
0 0 0 0 0 0 0 0 0 0 0 0 0 0 0 0 0 0 0 0 0 0 0 0 0 0 0 0 0 0 0 0 0 0 0 0 0 0 0 0 
0 0 0 0 0 0 0 0 0 0 0 0 0 0 0 0 0 0 0 0 0 0 0 0 0 0 0 0 0 0 0 0 0 0 0 0 0 0 0 0 
2.47789 2.48356 2.48987 2.49658 2.50343 2.51016 2.5165 2.52222 2.5271 2.53093 2.53357 2.53491 2.53491 2.53357 2.53093 2.5271 2.52222 2.5165 2.51016 2.50343 2.49658 2.48987 2.48356 2.47789 2.47307 2.46929 2.46669 2.46536 2.46536 2.46669 2.46929 2.47307 2.47789 2.48356 2.48987 2.49658 2.50343 2.51016 2.5165 2.52222 
2.47789 2.48356 2.48987 2.49658 2.50343 2.51016 2.5165 2.52222 2.5271 2.53093 2.53357 2.53491 2.53491 2.53357 2.53093 2.5271 2.52222 2.5165 2.51016 2.50343 2.49658 2.48987 2.48356 2.47789 2.47307 2.46929 2.46669 2.46536 2.46536 2.46669 2.46929 2.47307 2.47789 2.48356 2.48987 2.49658 2.50343 2.51016 2.5165 2.52222 
2.47789 2.48356 2.48987 2.49658 2.50343 2.51016 2.5165 2.52222 2.5271 2.53093 2.53357 2.53491 2.53491 2.53357 2.53093 2.5271 2.52222 2.5165 2.51016 2.50343 2.49658 2.48987 2.48356 2.47789 2.47307 2.46929 2.46669 2.46536 2.46536 2.46669 2.46929 2.47307 2.47789 2.48356 2.48987 2.49658 2.50343 2.51016 2.5165 2.52222 
2.47789 2.48356 2.48987 2.49658 2.50343 2.51016 2.5165 2.52222 2.5271 2.53093 2.53357 2.53491 2.53491 2.53357 2.53093 2.5271 2.52222 2.5165 2.51016 2.50343 2.49658 2.48987 2.48356 2.47789 2.47307 2.46929 2.46669 2.46536 2.46536 2.46669 2.46929 2.47307 2.47789 2.48356 2.48987 2.49658 2.50343 2.51016 2.5165 2.52222 
2.47789 2.48356 2.48987 2.49658 2.50343 2.51016 2.5165 2.52222 2.5271 2.53093 2.53357 2.53491 2.53491 2.53357 2.53093 2.5271 2.52222 2.5165 2.51016 2.50343 2.49658 2.48987 2.48356 2.47789 2.47307 2.46929 2.46669 2.46536 2.46536 2.46669 2.46929 2.47307 2.47789 2.48356 2.48987 2.49658 2.50343 2.51016 2.5165 2.52222 
2.47789 2.48356 2.48987 2.49658 2.50343 2.51016 2.5165 2.52222 2.5271 2.53093 2.53357 2.53491 2.53491 2.53357 2.53093 2.5271 2.52222 2.5165 2.51016 2.50343 2.49658 2.48987 2.48356 2.47789 2.47307 2.46929 2.46669 2.46536 2.46536 2.46669 2.46929 2.47307 2.47789 2.48356 2.48987 2.49658 2.50343 2.51016 2.5165 2.52222 
2.47789 2.48356 2.48987 2.49658 2.50343 2.51016 2.5165 2.52222 2.5271 2.53093 2.53357 2.53491 2.53491 2.53357 2.53093 2.5271 2.52222 2.5165 2.51016 2.50343 2.49658 2.48987 2.48356 2.47789 2.47307 2.46929 2.46669 2.46536 2.46536 2.46669 2.46929 2.47307 2.47789 2.48356 2.48987 2.49658 2.50343 2.51016 2.5165 2.52222 
2.47789 2.48356 2.48987 2.49658 2.50343 2.51016 2.5165 2.52222 2.5271 2.53093 2.53357 2.53491 2.53491 2.53357 2.53093 2.5271 2.52222 2.5165 2.51016 2.50343 2.49658 2.48987 2.48356 2.47789 2.47307 2.46929 2.46669 2.46536 2.46536 2.46669 2.46929 2.47307 2.47789 2.48356 2.48987 2.49658 2.50343 2.51016 2.5165 2.52222 
2.47789 2.48356 2.48987 2.49658 2.50343 2.51016 2.5165 2.52222 2.5271 2.53093 2.53357 2.53491 2.53491 2.53357 2.53093 2.5271 2.52222 2.5165 2.51016 2.50343 2.49658 2.48987 2.48356 2.47789 2.47307 2.46929 2.46669 2.46536 2.46536 2.46669 2.46929 2.47307 2.47789 2.48356 2.48987 2.49658 2.50343 2.51016 2.5165 2.52222 
2.47789 2.48356 2.48987 2.49658 2.50343 2.51016 2.5165 2.52222 2.5271 2.53093 2.53357 2.53491 2.53491 2.53357 2.53093 2.5271 2.52222 2.5165 2.51016 2.50343 2.49658 2.48987 2.48356 2.47789 2.47307 2.46929 2.46669 2.46536 2.46536 2.46669 2.46929 2.47307 2.47789 2.48356 2.48987 2.49658 2.50343 2.51016 2.5165 2.52222 
2.47789 2.48356 2.48987 2.49658 2.50343 2.51016 2.5165 2.52222 2.5271 2.53093 2.53357 2.53491 2.53491 2.53357 2.53093 2.5271 2.52222 2.5165 2.51016 2.50343 2.49658 2.48987 2.48356 2.47789 2.47307 2.46929 2.46669 2.46536 2.46536 2.46669 2.46929 2.47307 2.47789 2.48356 2.48987 2.49658 2.50343 2.51016 2.5165 2.52222 
2.47789 2.48356 2.48987 2.49658 2.50343 2.51016 2.5165 2.52222 2.5271 2.53093 2.53357 2.53491 2.53491 2.53357 2.53093 2.5271 2.52222 2.5165 2.51016 2.50343 2.49658 2.48987 2.48356 2.47789 2.47307 2.46929 2.46669 2.46536 2.46536 2.46669 2.46929 2.47307 2.47789 2.48356 2.48987 2.49658 2.50343 2.51016 2.5165 2.52222 
2.47789 2.48356 2.48987 2.49658 2.50343 2.51016 2.5165 2.52222 2.5271 2.53093 2.53357 2.53491 2.53491 2.53357 2.53093 2.5271 2.52222 2.5165 2.51016 2.50343 2.49658 2.48987 2.48356 2.47789 2.47307 2.46929 2.46669 2.46536 2.46536 2.46669 2.46929 2.47307 2.47789 2.48356 2.48987 2.49658 2.50343 2.51016 2.5165 2.52222 
2.47789 2.48356 2.48987 2.49658 2.50343 2.51016 2.5165 2.52222 2.5271 2.53093 2.53357 2.53491 2.53491 2.53357 2.53093 2.5271 2.52222 2.5165 2.51016 2.50343 2.49658 2.48987 2.48356 2.47789 2.47307 2.46929 2.46669 2.46536 2.46536 2.46669 2.46929 2.47307 2.47789 2.48356 2.48987 2.49658 2.50343 2.51016 2.5165 2.52222 
2.47789 2.48356 2.48987 2.49658 2.50343 2.51016 2.5165 2.52222 2.5271 2.53093 2.53357 2.53491 2.53491 2.53357 2.53093 2.5271 2.52222 2.5165 2.51016 2.50343 2.49658 2.48987 2.48356 2.47789 2.47307 2.46929 2.46669 2.46536 2.46536 2.46669 2.46929 2.47307 2.47789 2.48356 2.48987 2.49658 2.50343 2.51016 2.5165 2.52222 
2.47789 2.48356 2.48987 2.49658 2.50343 2.51016 2.5165 2.52222 2.5271 2.53093 2.53357 2.53491 2.53491 2.53357 2.53093 2.5271 2.52222 2.5165 2.51016 2.50343 2.49658 2.48987 2.48356 2.47789 2.47307 2.46929 2.46669 2.46536 2.46536 2.46669 2.46929 2.47307 2.47789 2.48356 2.48987 2.49658 2.50343 2.51016 2.5165 2.52222 
2.47789 2.48356 2.48987 2.49658 2.50343 2.51016 2.5165 2.52222 2.5271 2.53093 2.53357 2.53491 2.53491 2.53357 2.53093 2.5271 2.52222 2.5165 2.51016 2.50343 2.49658 2.48987 2.48356 2.47789 2.47307 2.46929 2.46669 2.46536 2.46536 2.46669 2.46929 2.47307 2.47789 2.48356 2.48987 2.49658 2.50343 2.51016 2.5165 2.52222 
2.47789 2.48356 2.48987 2.49658 2.50343 2.51016 2.5165 2.52222 2.5271 2.53093 2.53357 2.53491 2.53491 2.53357 2.53093 2.5271 2.52222 2.5165 2.51016 2.50343 2.49658 2.48987 2.48356 2.47789 2.47307 2.46929 2.46669 2.46536 2.46536 2.46669 2.46929 2.47307 2.47789 2.48356 2.48987 2.49658 2.50343 2.51016 2.5165 2.52222 
2.47789 2.48356 2.48987 2.49658 2.50343 2.51016 2.5165 2.52222 2.5271 2.53093 2.53357 2.53491 2.53491 2.53357 2.53093 2.5271 2.52222 2.5165 2.51016 2.50343 2.49658 2.48987 2.48356 2.47789 2.47307 2.46929 2.46669 2.46536 2.46536 2.46669 2.46929 2.47307 2.47789 2.48356 2.48987 2.49658 2.50343 2.51016 2.5165 2.52222 
2.47789 2.48356 2.48987 2.49658 2.50343 2.51016 2.5165 2.52222 2.5271 2.53093 2.53357 2.53491 2.53491 2.53357 2.53093 2.5271 2.52222 2.5165 2.51016 2.50343 2.49658 2.48987 2.48356 2.47789 2.47307 2.46929 2.46669 2.46536 2.46536 2.46669 2.46929 2.47307 2.47789 2.48356 2.48987 2.49658 2.50343 2.51016 2.5165 2.52222 
2.47789 2.48356 2.48987 2.49658 2.50343 2.51016 2.5165 2.52222 2.5271 2.53093 2.53357 2.53491 2.53491 2.53357 2.53093 2.5271 2.52222 2.5165 2.51016 2.50343 2.49658 2.48987 2.48356 2.47789 2.47307 2.46929 2.46669 2.46536 2.46536 2.46669 2.46929 2.47307 2.47789 2.48356 2.48987 2.49658 2.50343 2.51016 2.5165 2.52222 
2.47789 2.48356 2.48987 2.49658 2.50343 2.51016 2.5165 2.52222 2.5271 2.53093 2.53357 2.53491 2.53491 2.53357 2.53093 2.5271 2.52222 2.5165 2.51016 2.50343 2.49658 2.48987 2.48356 2.47789 2.47307 2.46929 2.46669 2.46536 2.46536 2.46669 2.46929 2.47307 2.47789 2.48356 2.48987 2.49658 2.50343 2.51016 2.5165 2.52222 
2.47789 2.48356 2.48987 2.49658 2.50343 2.51016 2.5165 2.52222 2.5271 2.53093 2.53357 2.53491 2.53491 2.53357 2.53093 2.5271 2.52222 2.5165 2.51016 2.50343 2.49658 2.48987 2.48356 2.47789 2.47307 2.46929 2.46669 2.46536 2.46536 2.46669 2.46929 2.47307 2.47789 2.48356 2.48987 2.49658 2.50343 2.51016 2.5165 2.52222 
2.47789 2.48356 2.48987 2.49658 2.50343 2.51016 2.5165 2.52222 2.5271 2.53093 2.53357 2.53491 2.53491 2.53357 2.53093 2.5271 2.52222 2.5165 2.51016 2.50343 2.49658 2.48987 2.48356 2.47789 2.47307 2.46929 2.46669 2.46536 2.46536 2.46669 2.46929 2.47307 2.47789 2.48356 2.48987 2.49658 2.50343 2.51016 2.5165 2.52222 
2.47789 2.48356 2.48987 2.49658 2.50343 2.51016 2.5165 2.52222 2.5271 2.53093 2.53357 2.53491 2.53491 2.53357 2.53093 2.5271 2.52222 2.5165 2.51016 2.50343 2.49658 2.48987 2.48356 2.47789 2.47307 2.46929 2.46669 2.46536 2.46536 2.46669 2.46929 2.47307 2.47789 2.48356 2.48987 2.49658 2.50343 2.51016 2.5165 2.52222 
2.47789 2.48356 2.48987 2.49658 2.50343 2.51016 2.5165 2.52222 2.5271 2.53093 2.53357 2.53491 2.53491 2.53357 2.53093 2.5271 2.52222 2.5165 2.51016 2.50343 2.49658 2.48987 2.48356 2.47789 2.47307 2.46929 2.46669 2.46536 2.46536 2.46669 2.46929 2.47307 2.47789 2.48356 2.48987 2.49658 2.50343 2.51016 2.5165 2.52222 
2.47789 2.48356 2.48987 2.49658 2.50343 2.51016 2.5165 2.52222 2.5271 2.53093 2.53357 2.53491 2.53491 2.53357 2.53093 2.5271 2.52222 2.5165 2.51016 2.50343 2.49658 2.48987 2.48356 2.47789 2.47307 2.46929 2.46669 2.46536 2.46536 2.46669 2.46929 2.47307 2.47789 2.48356 2.48987 2.49658 2.50343 2.51016 2.5165 2.52222 
2.47789 2.48356 2.48987 2.49658 2.50343 2.51016 2.5165 2.52222 2.5271 2.53093 2.53357 2.53491 2.53491 2.53357 2.53093 2.5271 2.52222 2.5165 2.51016 2.50343 2.49658 2.48987 2.48356 2.47789 2.47307 2.46929 2.46669 2.46536 2.46536 2.46669 2.46929 2.47307 2.47789 2.48356 2.48987 2.49658 2.50343 2.51016 2.5165 2.52222 
2.47789 2.48356 2.48987 2.49658 2.50343 2.51016 2.5165 2.52222 2.5271 2.53093 2.53357 2.53491 2.53491 2.53357 2.53093 2.5271 2.52222 2.5165 2.51016 2.50343 2.49658 2.48987 2.48356 2.47789 2.47307 2.46929 2.46669 2.46536 2.46536 2.46669 2.46929 2.47307 2.47789 2.48356 2.48987 2.49658 2.50343 2.51016 2.5165 2.52222 
2.47789 2.48356 2.48987 2.49658 2.50343 2.51016 2.5165 2.52222 2.5271 2.53093 2.53357 2.53491 2.53491 2.53357 2.53093 2.5271 2.52222 2.5165 2.51016 2.50343 2.49658 2.48987 2.48356 2.47789 2.47307 2.46929 2.46669 2.46536 2.46536 2.46669 2.46929 2.47307 2.47789 2.48356 2.48987 2.49658 2.50343 2.51016 2.5165 2.52222 
2.47789 2.48356 2.48987 2.49658 2.50343 2.51016 2.5165 2.52222 2.5271 2.53093 2.53357 2.53491 2.53491 2.53357 2.53093 2.5271 2.52222 2.5165 2.51016 2.50343 2.49658 2.48987 2.48356 2.47789 2.47307 2.46929 2.46669 2.46536 2.46536 2.46669 2.46929 2.47307 2.47789 2.48356 2.48987 2.49658 2.50343 2.51016 2.5165 2.52222 
2.47789 2.48356 2.48987 2.49658 2.50343 2.51016 2.5165 2.52222 2.5271 2.53093 2.53357 2.53491 2.53491 2.53357 2.53093 2.5271 2.52222 2.5165 2.51016 2.50343 2.49658 2.48987 2.48356 2.47789 2.47307 2.46929 2.46669 2.46536 2.46536 2.46669 2.46929 2.47307 2.47789 2.48356 2.48987 2.49658 2.50343 2.51016 2.5165 2.52222 
2.47789 2.48356 2.48987 2.49658 2.50343 2.51016 2.5165 2.52222 2.5271 2.53093 2.53357 2.53491 2.53491 2.53357 2.53093 2.5271 2.52222 2.5165 2.51016 2.50343 2.49658 2.48987 2.48356 2.47789 2.47307 2.46929 2.46669 2.46536 2.46536 2.46669 2.46929 2.47307 2.47789 2.48356 2.48987 2.49658 2.50343 2.51016 2.5165 2.52222 
2.47789 2.48356 2.48987 2.49658 2.50343 2.51016 2.5165 2.52222 2.5271 2.53093 2.53357 2.53491 2.53491 2.53357 2.53093 2.5271 2.52222 2.5165 2.51016 2.50343 2.49658 2.48987 2.48356 2.47789 2.47307 2.46929 2.46669 2.46536 2.46536 2.46669 2.46929 2.47307 2.47789 2.48356 2.48987 2.49658 2.50343 2.51016 2.5165 2.52222 
2.47789 2.48356 2.48987 2.49658 2.50343 2.51016 2.5165 2.52222 2.5271 2.53093 2.53357 2.53491 2.53491 2.53357 2.53093 2.5271 2.52222 2.5165 2.51016 2.50343 2.49658 2.48987 2.48356 2.47789 2.47307 2.46929 2.46669 2.46536 2.46536 2.46669 2.46929 2.47307 2.47789 2.48356 2.48987 2.49658 2.50343 2.51016 2.5165 2.52222 
2.47789 2.48356 2.48987 2.49658 2.50343 2.51016 2.5165 2.52222 2.5271 2.53093 2.53357 2.53491 2.53491 2.53357 2.53093 2.5271 2.52222 2.5165 2.51016 2.50343 2.49658 2.48987 2.48356 2.47789 2.47307 2.46929 2.46669 2.46536 2.46536 2.46669 2.46929 2.47307 2.47789 2.48356 2.48987 2.49658 2.50343 2.51016 2.5165 2.52222 
2.47789 2.48356 2.48987 2.49658 2.50343 2.51016 2.5165 2.52222 2.5271 2.53093 2.53357 2.53491 2.53491 2.53357 2.53093 2.5271 2.52222 2.5165 2.51016 2.50343 2.49658 2.48987 2.48356 2.47789 2.47307 2.46929 2.46669 2.46536 2.46536 2.46669 2.46929 2.47307 2.47789 2.48356 2.48987 2.49658 2.50343 2.51016 2.5165 2.52222 
2.47789 2.48356 2.48987 2.49658 2.50343 2.51016 2.5165 2.52222 2.5271 2.53093 2.53357 2.53491 2.53491 2.53357 2.53093 2.5271 2.52222 2.5165 2.51016 2.50343 2.49658 2.48987 2.48356 2.47789 2.47307 2.46929 2.46669 2.46536 2.46536 2.46669 2.46929 2.47307 2.47789 2.48356 2.48987 2.49658 2.50343 2.51016 2.5165 2.52222 
2.47789 2.48356 2.48987 2.49658 2.50343 2.51016 2.5165 2.52222 2.5271 2.53093 2.53357 2.53491 2.53491 2.53357 2.53093 2.5271 2.52222 2.5165 2.51016 2.50343 2.49658 2.48987 2.48356 2.47789 2.47307 2.46929 2.46669 2.46536 2.46536 2.46669 2.46929 2.47307 2.47789 2.48356 2.48987 2.49658 2.50343 2.51016 2.5165 2.52222 
2.47789 2.48356 2.48987 2.49658 2.50343 2.51016 2.5165 2.52222 2.5271 2.53093 2.53357 2.53491 2.53491 2.53357 2.53093 2.5271 2.52222 2.5165 2.51016 2.50343 2.49658 2.48987 2.48356 2.47789 2.47307 2.46929 2.46669 2.46536 2.46536 2.46669 2.46929 2.47307 2.47789 2.48356 2.48987 2.49658 2.50343 2.51016 2.5165 2.52222 